#	size	system	user time	system time	wall clock time
46	ceno	134.26	17.51	11.11	1187976
46	sp1	174.49	19.42	10.07	4400040
85	ceno	129.28	15.26	10.72	1194756
85	sp1	170.16	17.48	9.75	4393556
191	ceno	132.31	13.01	10.33	1194184
191	sp1	168.60	19.50	9.9	4391392
1013	ceno	141.75	9.95	10.43	1186768
1013	sp1	171.72	17.43	9.74	4398664
1032	ceno	138.91	12.60	10.62	1194400
1032	sp1	167.76	17.52	9.74	4388880
1204	ceno	139.37	12.49	11.1	1202552
1204	sp1	171.40	15.75	9.92	4391180
1262	ceno	145.73	12.68	10.59	1183064
1262	sp1	171.42	16.33	10.09	4413688
1330	ceno	142.67	11.82	11.36	1153916
1330	sp1	169.87	16.06	9.99	4393644
1629	ceno	142.01	10.05	11.26	1200564
1629	sp1	164.12	17.27	9.64	4374120
1667	ceno	145.61	12.18	11.23	1180768
1667	sp1	171.05	16.89	9.96	4413608
1725	ceno	138.40	12.81	10.67	1196340
1725	sp1	169.18	16.57	10.05	4378216
1807	ceno	144.24	11.26	11.3	1199736
1807	sp1	167.70	17.67	10.01	4407768
2226	ceno	142.83	12.19	11.32	1205056
2226	sp1	167.90	19.86	10.15	4391044
2400	ceno	151.65	10.65	11.15	1219932
2400	sp1	172.14	15.37	9.73	4422796
3200	ceno	143.16	10.32	11.15	1205084
3200	sp1	169.61	16.44	10.19	4400392
3212	ceno	147.71	11.94	10.68	1219756
3212	sp1	170.24	18.60	10.07	4396772
3237	ceno	149.18	11.32	10.86	1194968
3237	sp1	168.37	17.91	9.65	4388448
3470	ceno	144.85	10.16	11.1	1244384
3470	sp1	172.33	15.96	10.02	4407820
3811	ceno	146.29	12.04	10.7	1222000
3811	sp1	166.77	17.62	9.68	4395528
4091	ceno	152.28	11.86	11.45	1223496
4091	sp1	171.99	16.12	9.92	4401600
4282	ceno	151.50	11.49	10.74	1245608
4282	sp1	168.11	18.88	9.78	4413684
4411	ceno	149.40	14.18	11.3	1256680
4411	sp1	168.62	18.42	10.11	4403636
4426	ceno	149.25	12.08	11.48	1211192
4426	sp1	170.70	18.79	10.26	4425444
4500	ceno	153.30	11.83	10.54	1239144
4500	sp1	172.38	17.73	10.12	4419432
4594	ceno	155.37	12.69	11.21	1239304
4594	sp1	173.21	18.42	10.03	4398264
5183	ceno	155.71	10.51	10.6	1250868
5183	sp1	173.30	18.04	10.15	4393156
5236	ceno	147.12	11.73	11.18	1238056
5236	sp1	171.84	17.41	10.28	4409900
5363	ceno	148.41	10.99	11.12	1256376
5363	sp1	169.98	16.71	10.01	4413388
5501	ceno	151.25	10.67	10.6	1237932
5501	sp1	168.45	17.13	10.01	4365984
5516	ceno	150.16	10.72	11.25	1245708
5516	sp1	168.67	16.85	10.03	4417920
5562	ceno	147.41	10.66	11.17	1239012
5562	sp1	168.65	18.93	10.13	4386912
5567	ceno	154.70	11.55	10.78	1240468
5567	sp1	169.05	14.85	10.03	4400360
5755	ceno	149.41	11.58	10.58	1236376
5755	sp1	170.02	16.64	10.15	4411512
6005	ceno	153.18	12.19	10.71	1246740
6005	sp1	167.76	18.83	9.92	4422552
6046	ceno	153.15	12.79	10.64	1249012
6046	sp1	171.65	15.66	10.07	4426848
6235	ceno	154.86	10.04	10.62	1244100
6235	sp1	170.02	19.64	10.37	4459268
6281	ceno	151.81	11.82	11.2	1240896
6281	sp1	173.67	15.34	10.09	4468804
6382	ceno	148.03	12.25	11.31	1248012
6382	sp1	171.86	17.21	9.65	4425028
6553	ceno	146.54	11.86	10.53	1256816
6553	sp1	173.21	13.19	10.02	4415432
6759	ceno	153.26	11.61	11.55	1234228
6759	sp1	172.74	16.41	9.84	4425624
7008	ceno	151.53	12.12	10.6	1229852
7008	sp1	173.09	16.84	10.31	4452776
7071	ceno	156.52	11.46	10.79	1251116
7071	sp1	169.08	18.07	9.83	4454380
7089	ceno	149.50	9.78	10.71	1240484
7089	sp1	167.12	20.42	9.75	4452456
7265	ceno	146.35	11.87	10.68	1235076
7265	sp1	170.44	19.02	10.04	4413568
7654	ceno	151.85	12.13	11.36	1271520
7654	sp1	170.94	16.82	10.03	4427000
7801	ceno	153.37	12.13	10.74	1242092
7801	sp1	170.56	18.05	10.34	4447932
7850	ceno	148.50	13.44	11.23	1251464
7850	sp1	174.00	16.61	10.16	4431836
8041	ceno	151.60	11.87	11.21	1229064
8041	sp1	176.80	14.81	10.2	4450840
8091	ceno	149.35	11.02	11.41	1239648
8091	sp1	171.72	17.39	10.13	4447120
8153	ceno	146.41	11.16	10.75	1241132
8153	sp1	175.68	15.46	9.93	4464888
8272	ceno	163.66	11.39	10.88	1340608
8272	sp1	171.22	18.18	10.18	4491752
8496	ceno	158.86	12.92	11.48	1331076
8496	sp1	171.50	18.32	10.3	4475924
8540	ceno	157.78	12.46	10.69	1277996
8540	sp1	175.53	18.66	10.19	4490216
8749	ceno	158.00	12.08	11.39	1334724
8749	sp1	173.69	19.49	10.24	4490900
8803	ceno	159.36	12.36	10.71	1332676
8803	sp1	172.52	18.86	10.16	4458540
8866	ceno	159.07	12.62	10.92	1315072
8866	sp1	173.90	17.32	10.15	4472268
9011	ceno	155.53	13.13	10.86	1344704
9011	sp1	171.58	19.99	10.28	4454832
9335	ceno	160.58	10.90	10.83	1345496
9335	sp1	174.81	18.48	9.77	4473268
9375	ceno	150.04	13.52	10.89	1326020
9375	sp1	172.13	18.06	9.78	4468416
9408	ceno	155.74	11.83	11.61	1337688
9408	sp1	172.70	18.74	9.97	4465104
9766	ceno	154.23	12.11	10.7	1336232
9766	sp1	175.18	15.96	10.14	4457760
9872	ceno	156.19	12.20	11.51	1337540
9872	sp1	173.89	16.01	9.86	4465208
10195	ceno	161.25	12.06	11.39	1347924
10195	sp1	175.07	17.31	10.22	4475728
10541	ceno	161.42	12.49	10.94	1328092
10541	sp1	176.28	16.62	9.84	4485176
10679	ceno	154.98	11.92	10.74	1338656
10679	sp1	173.34	16.86	10.26	4479064
10705	ceno	157.84	12.04	10.9	1330696
10705	sp1	173.29	18.03	10.05	4464832
10753	ceno	159.38	14.41	10.85	1345616
10753	sp1	175.48	17.96	10.34	4484140
10787	ceno	155.19	12.18	10.81	1354488
10787	sp1	176.29	15.30	10.13	4450716
10830	ceno	157.55	11.13	11.96	1326508
10830	sp1	172.75	19.64	10.33	4484344
10888	ceno	158.41	12.08	10.76	1331264
10888	sp1	174.89	16.97	9.76	4441548
11246	ceno	157.47	12.08	10.96	1342588
11246	sp1	173.34	18.25	10.31	4474728
11519	ceno	154.52	11.45	11.19	1333656
11519	sp1	172.69	18.38	10	4494076
11638	ceno	162.85	11.78	11.53	1325504
11638	sp1	176.04	19.91	10.35	4514308
11791	ceno	158.02	13.26	10.89	1340936
11791	sp1	170.41	20.30	10.39	4476904
11905	ceno	159.85	12.89	11.45	1310628
11905	sp1	173.73	18.34	10.12	4490852
11931	ceno	153.38	14.23	11.48	1320572
11931	sp1	175.41	16.36	10.03	4487608
11959	ceno	155.73	11.78	11.33	1325276
11959	sp1	171.19	16.82	10	4503052
11978	ceno	152.61	11.65	11.22	1334412
11978	sp1	172.24	19.15	10.57	4476372
12035	ceno	154.88	12.07	10.83	1344352
12035	sp1	173.81	17.37	10.29	4463528
12317	ceno	153.11	13.55	10.77	1325036
12317	sp1	187.55	21.84	10.28	4662248
12457	ceno	160.25	13.01	11.5	1340068
12457	sp1	190.37	19.19	10.26	4661992
12495	ceno	153.01	14.30	10.77	1289592
12495	sp1	186.93	18.59	10.47	4652776
12571	ceno	158.64	11.77	10.89	1335552
12571	sp1	188.39	18.38	10.35	4655448
12583	ceno	155.83	11.64	11.66	1323904
12583	sp1	188.82	18.68	10.12	4666204
12626	ceno	161.68	10.95	10.84	1342136
12626	sp1	189.08	19.33	10.63	4670112
12693	ceno	160.49	13.98	11.57	1337276
12693	sp1	190.41	17.57	10.65	4641500
12698	ceno	154.38	11.69	11.38	1334072
12698	sp1	187.71	17.69	10.25	4672272
12773	ceno	154.72	12.75	11.46	1341872
12773	sp1	188.98	19.25	10.41	4661052
12801	ceno	162.15	12.65	11.01	1332644
12801	sp1	193.13	19.17	10.28	4722616
12891	ceno	154.80	11.80	10.89	1303228
12891	sp1	193.36	20.74	10.42	4708080
12929	ceno	153.99	11.44	10.74	1335168
12929	sp1	196.47	17.26	10.79	4696348
13264	ceno	163.19	12.05	10.86	1340048
13264	sp1	192.02	20.50	10.72	4752308
13442	ceno	154.65	13.98	10.75	1336372
13442	sp1	193.91	19.19	10.34	4736460
13603	ceno	154.58	13.61	10.76	1340988
13603	sp1	191.27	20.37	10.8	4728620
13625	ceno	156.73	13.60	11.32	1336592
13625	sp1	193.52	20.46	10.8	4745720
13861	ceno	155.29	12.47	10.93	1303124
13861	sp1	194.17	17.26	10.36	4714596
13869	ceno	155.98	11.72	10.77	1322828
13869	sp1	192.97	20.58	10.31	4726168
13976	ceno	154.30	12.41	10.63	1340236
13976	sp1	194.83	18.10	10.41	4735916
13995	ceno	153.46	14.14	11.37	1338088
13995	sp1	193.54	21.49	10.79	4729348
14168	ceno	157.31	12.33	12.11	1304656
14168	sp1	194.32	17.47	10.7	4704684
14522	ceno	154.75	13.14	11.61	1305244
14522	sp1	193.29	19.54	10.28	4662396
14641	ceno	153.60	14.09	11.28	1350740
14641	sp1	192.33	20.23	10.53	4710208
14721	ceno	153.91	11.63	10.91	1347032
14721	sp1	192.71	18.47	10.8	4752796
14997	ceno	158.49	12.11	10.91	1340512
14997	sp1	193.63	21.11	10.23	4750672
15254	ceno	154.04	11.28	11.45	1279404
15254	sp1	191.35	19.16	10.74	4743240
15414	ceno	161.51	11.92	11.58	1335304
15414	sp1	193.30	21.92	10.41	4738328
15828	ceno	161.60	11.07	11.12	1337784
15828	sp1	195.82	15.35	10.72	4725580
15882	ceno	153.74	15.04	10.86	1339612
15882	sp1	195.87	14.38	10.37	4752532
16129	ceno	160.89	13.89	11.55	1336808
16129	sp1	195.13	17.50	10.69	4743760
16267	ceno	161.29	12.76	10.83	1345488
16267	sp1	192.95	17.97	10.37	4716804
16461	ceno	171.69	14.02	11.65	1479152
16461	sp1	197.12	17.92	10.91	4714024
16469	ceno	165.13	13.50	11.36	1478144
16469	sp1	194.23	21.06	10.9	4684996
16627	ceno	168.05	12.60	10.99	1493700
16627	sp1	192.25	20.12	10.84	4696132
16894	ceno	169.35	12.42	11	1496516
16894	sp1	192.91	22.64	10.66	4712020
16952	ceno	173.50	13.38	11.16	1493772
16952	sp1	193.62	18.71	10.77	4693896
16960	ceno	163.94	13.23	11.44	1478716
16960	sp1	194.48	21.70	10.5	4691840
17171	ceno	165.63	14.10	11.56	1482224
17171	sp1	192.64	21.27	10.57	4703048
17203	ceno	167.00	13.58	11.72	1464888
17203	sp1	199.24	17.26	10.53	4691200
17550	ceno	175.80	12.66	11.3	1485596
17550	sp1	193.22	21.75	10.78	4689912
17917	ceno	168.49	14.13	11.24	1476076
17917	sp1	197.59	21.03	10.55	4680280
18199	ceno	165.79	12.37	12.08	1483664
18199	sp1	194.87	19.81	11.01	4717472
18252	ceno	165.75	14.50	11.3	1492352
18252	sp1	191.61	21.50	10.83	4718428
18389	ceno	165.84	14.26	11.68	1492184
18389	sp1	193.87	18.49	10.52	4688644
18517	ceno	164.27	14.90	11.16	1480440
18517	sp1	195.45	20.43	10.56	4671696
18740	ceno	175.67	14.00	11.09	1495276
18740	sp1	198.44	17.69	10.69	4677096
18976	ceno	167.83	13.64	10.93	1472276
18976	sp1	194.55	21.18	10.63	4690256
19126	ceno	171.51	10.21	11.61	1467704
19126	sp1	193.09	19.68	10.48	4730924
19189	ceno	168.68	13.24	11.15	1487504
19189	sp1	195.32	21.34	11.46	4703324
19369	ceno	171.49	14.17	11.34	1469412
19369	sp1	193.41	21.73	10.93	4685976
19805	ceno	170.47	13.99	11.23	1446876
19805	sp1	197.14	21.12	10.57	4676800
20269	ceno	169.85	14.78	11.56	1495508
20269	sp1	195.51	22.91	10.7	4676280
20277	ceno	168.99	14.56	11.62	1475652
20277	sp1	196.54	23.35	10.62	4701064
20476	ceno	178.51	14.99	11.15	1468060
20476	sp1	197.66	18.06	10.85	4720696
20780	ceno	169.80	15.50	10.99	1490852
20780	sp1	194.27	20.57	10.87	4687304
20868	ceno	168.69	10.93	10.95	1443036
20868	sp1	194.44	23.00	10.74	4726036
20945	ceno	164.95	15.29	11.02	1479312
20945	sp1	196.10	20.17	10.42	4692564
21069	ceno	172.34	13.19	11.63	1455280
21069	sp1	196.48	20.42	10.8	4709420
21174	ceno	169.51	13.14	10.9	1469944
21174	sp1	199.22	21.90	10.47	4717380
21197	ceno	172.08	12.34	11.59	1482916
21197	sp1	196.87	20.46	10.97	4679840
21286	ceno	169.74	14.50	11.7	1472880
21286	sp1	198.04	18.41	10.35	4712020
21554	ceno	167.84	15.87	11.8	1485924
21554	sp1	193.73	22.45	10.58	4690396
21806	ceno	168.24	16.37	11.69	1463368
21806	sp1	198.47	19.01	10.77	4666624
22087	ceno	171.39	12.96	11.8	1487756
22087	sp1	195.11	20.58	10.89	4721884
22116	ceno	176.44	17.58	11.17	1475868
22116	sp1	191.33	23.62	10.48	4718832
22174	ceno	168.26	15.64	11.06	1472336
22174	sp1	198.21	20.34	10.96	4707936
22239	ceno	175.22	13.34	11.4	1479380
22239	sp1	197.69	18.76	10.65	4707264
22313	ceno	176.55	15.50	11.7	1479676
22313	sp1	193.11	20.19	10.39	4658220
22347	ceno	167.94	13.87	11.69	1493868
22347	sp1	198.24	17.63	10.61	4678680
22648	ceno	176.15	14.09	11.7	1472100
22648	sp1	196.90	20.38	10.9	4695800
22815	ceno	164.67	14.28	11.27	1452460
22815	sp1	194.77	16.06	10.48	4696520
22942	ceno	170.05	15.17	11.09	1490472
22942	sp1	198.89	20.52	11.1	4698592
22964	ceno	172.96	14.24	11.63	1476660
22964	sp1	196.78	19.13	10.56	4697000
22970	ceno	167.53	13.81	10.98	1470824
22970	sp1	194.82	21.62	10.92	4728140
23079	ceno	169.18	11.23	10.99	1477676
23079	sp1	199.75	19.29	10.37	4708708
23102	ceno	176.72	13.25	11.01	1488272
23102	sp1	194.27	17.40	10.57	4698644
23638	ceno	174.04	12.87	11.16	1483896
23638	sp1	198.23	17.35	10.46	4709968
23952	ceno	168.56	13.39	11.52	1475868
23952	sp1	196.41	19.52	10.74	4687676
24157	ceno	173.30	11.97	11.7	1496156
24157	sp1	193.03	19.94	10.68	4729692
24283	ceno	171.65	13.71	11.81	1464228
24283	sp1	195.64	19.55	10.35	4650132
24686	ceno	165.98	15.01	11.04	1460340
24686	sp1	197.11	18.66	10.72	4715952
24690	ceno	170.07	14.11	11.27	1477068
24690	sp1	192.12	20.94	10.78	4694088
24797	ceno	171.60	13.26	12.46	1486096
24797	sp1	196.99	24.20	10.54	4687276
24859	ceno	172.99	15.87	11.66	1488044
24859	sp1	196.17	21.42	11	4708276
25244	ceno	167.68	13.45	11.18	1480104
25244	sp1	194.62	21.11	10.87	4691524
25682	ceno	169.41	14.17	11.03	1456188
25682	sp1	224.11	17.41	11.54	5196988
25759	ceno	166.15	14.54	11.12	1489216
25759	sp1	226.26	25.17	11.47	5228212
25770	ceno	170.68	13.79	11.05	1431564
25770	sp1	227.30	22.01	11.77	5222376
26021	ceno	173.03	14.41	11.01	1461244
26021	sp1	227.44	18.51	11.91	5291132
26166	ceno	167.41	14.70	11.06	1485216
26166	sp1	228.42	19.51	11.39	5274064
26700	ceno	166.79	13.83	10.95	1469512
26700	sp1	230.04	22.72	11.7	5197344
26963	ceno	168.94	13.10	11.71	1474264
26963	sp1	228.58	20.29	11.5	5263788
27028	ceno	168.37	15.04	11.74	1476908
27028	sp1	230.25	18.53	11.4	5179448
27168	ceno	173.81	12.33	11.04	1476320
27168	sp1	226.07	22.05	11.72	5205432
27284	ceno	172.44	11.98	11.74	1467404
27284	sp1	229.43	18.43	11.53	5197308
27304	ceno	167.01	14.43	12.67	1476372
27304	sp1	231.95	19.78	11.66	5231308
27459	ceno	0.01	0.02	0.05	18432
27459	sp1	230.88	20.32	11.5	5244744
27607	ceno	167.66	14.47	11.61	1480192
27607	sp1	228.50	23.13	11.53	5222128
27759	ceno	173.19	13.75	11.97	1484852
27759	sp1	228.63	17.33	11.76	5214380
27780	ceno	174.50	14.89	11.07	1481436
27780	sp1	230.17	17.76	11.83	5212452
27782	ceno	170.77	14.19	11.76	1496260
27782	sp1	234.29	20.94	12.58	5177508
27943	ceno	166.00	13.24	11.57	1479932
27943	sp1	227.93	18.64	11.4	5175792
28127	ceno	174.78	13.45	11.81	1478924
28127	sp1	233.45	19.58	12.16	5206152
28185	ceno	166.88	15.01	11.6	1454816
28185	sp1	230.16	20.65	11.54	5192792
28312	ceno	165.41	15.45	10.95	1510216
28312	sp1	229.22	16.04	12.01	5327036
28351	ceno	167.42	14.55	11.28	1485396
28351	sp1	229.98	18.32	11.87	5278448
28782	ceno	171.23	15.10	11.79	1457860
28782	sp1	225.51	20.27	11.19	5210184
28862	ceno	171.79	12.28	11.78	1467264
28862	sp1	227.13	22.97	11.44	5210668
28904	ceno	165.13	12.24	10.91	1489216
28904	sp1	228.03	19.87	11.46	5200388
29003	ceno	164.76	13.09	11.13	1453160
29003	sp1	230.40	19.63	12	5184800
29015	ceno	167.62	11.36	11.08	1494508
29015	sp1	233.27	16.72	11.94	5237040
29387	ceno	172.27	14.45	11.22	1472032
29387	sp1	230.63	17.86	11.66	5242240
29450	ceno	166.91	12.24	11.6	1474572
29450	sp1	230.00	21.91	11.48	5206752
29881	ceno	167.76	14.83	10.96	1497508
29881	sp1	231.56	18.44	11.36	5223096
29887	ceno	165.99	14.66	10.99	1462512
29887	sp1	233.62	17.12	11.5	5215704
30128	ceno	173.27	12.59	11.03	1494268
30128	sp1	229.83	18.97	11.5	5227248
30217	ceno	166.92	13.43	11.74	1462728
30217	sp1	227.73	19.51	11.34	5237784
30229	ceno	169.74	15.11	11.24	1476640
30229	sp1	231.45	20.75	11.96	5193212
30252	ceno	166.09	12.94	11.11	1454488
30252	sp1	226.89	19.86	11.39	5216664
30440	ceno	166.84	15.46	12.44	1485224
30440	sp1	231.32	17.66	12.09	5189608
30454	ceno	166.15	13.28	11.77	1462124
30454	sp1	227.13	18.57	11.57	5177548
30488	ceno	175.11	13.87	11.01	1482032
30488	sp1	226.85	22.58	11.52	5239284
30881	ceno	171.88	14.88	11.13	1464152
30881	sp1	228.38	21.00	11.43	5224960
31077	ceno	166.78	13.12	11.19	1476192
31077	sp1	226.75	20.53	11.37	5211484
31126	ceno	167.10	15.53	10.96	1488464
31126	sp1	230.97	17.68	11.92	5297708
31154	ceno	167.90	14.86	11.7	1475132
31154	sp1	231.29	19.44	11.43	5275848
31762	ceno	164.83	13.35	11.8	1496468
31762	sp1	224.25	19.15	11.83	5371252
31842	ceno	168.22	14.28	11.59	1487972
31842	sp1	230.24	19.58	11.61	5275768
31909	ceno	169.16	12.94	11.56	1477752
31909	sp1	228.80	23.88	11.97	5444556
31965	ceno	167.47	13.25	11.1	1475388
31965	sp1	228.28	18.33	11.67	5208512
32286	ceno	169.71	13.45	11.46	1488572
32286	sp1	230.93	20.85	12.12	5215036
32375	ceno	167.06	12.37	11.63	1480916
32375	sp1	226.43	23.70	11.47	5178968
32387	ceno	164.24	15.95	11.82	1467184
32387	sp1	229.66	17.12	11.97	5182112
32466	ceno	166.82	13.85	10.9	1476012
32466	sp1	228.28	19.90	11.63	5291604
32486	ceno	170.28	16.33	11.47	1474268
32486	sp1	231.35	15.59	11.8	5256240
32677	ceno	171.77	14.25	11.62	1470172
32677	sp1	232.98	18.58	11.63	5179032
32696	ceno	171.85	14.88	11.59	1446624
32696	sp1	229.24	16.72	11.33	5177076
32779	ceno	189.70	13.21	11.56	1784676
32779	sp1	231.02	21.67	12.2	5254972
32858	ceno	184.83	17.60	11.43	1799832
32858	sp1	238.60	18.00	11.72	5282604
33021	ceno	184.78	15.93	12.03	1784688
33021	sp1	234.29	19.89	12.12	5304664
33405	ceno	185.99	15.98	11.91	1799752
33405	sp1	234.05	20.64	11.99	5285656
33857	ceno	191.46	13.58	11.48	1780992
33857	sp1	235.85	18.31	12.17	5252144
33986	ceno	182.50	16.64	11.3	1792840
33986	sp1	239.33	17.87	11.98	5278144
34133	ceno	193.74	15.50	12.07	1784744
34133	sp1	230.82	23.03	11.82	5301764
34153	ceno	188.98	14.33	12.06	1785724
34153	sp1	233.41	21.04	11.62	5347652
34376	ceno	188.37	14.77	11.96	1786488
34376	sp1	233.36	19.33	12.09	5335912
34391	ceno	186.41	16.40	11.51	1792268
34391	sp1	232.17	25.93	11.63	5298984
34404	ceno	194.17	13.52	11.36	1789488
34404	sp1	230.88	22.46	12.03	5247936
34405	ceno	188.43	14.68	11.43	1779968
34405	sp1	235.90	20.63	11.63	5268800
34409	ceno	192.50	16.48	11.83	1807520
34409	sp1	233.74	20.16	11.92	5271164
34510	ceno	185.55	17.77	12.13	1801484
34510	sp1	232.60	21.95	11.77	5391400
35284	ceno	183.74	16.15	12.05	1781268
35284	sp1	234.94	19.17	12.21	5299812
35287	ceno	191.14	16.21	12.29	1798308
35287	sp1	231.41	20.95	11.61	5288316
35298	ceno	194.06	14.80	11.35	1786836
35298	sp1	235.65	22.45	11.76	5280816
35640	ceno	191.40	16.75	12.04	1786392
35640	sp1	235.36	17.76	11.92	5287676
35755	ceno	188.92	17.24	11.56	1807136
35755	sp1	236.52	15.86	12	5361564
35849	ceno	186.46	14.73	11.51	1809252
35849	sp1	232.15	23.59	11.97	5285868
35857	ceno	183.15	14.47	11.49	1803976
35857	sp1	235.13	17.19	12.27	5306576
35958	ceno	192.99	16.45	11.46	1796896
35958	sp1	237.62	23.07	11.78	5317612
36141	ceno	184.72	16.38	11.36	1792956
36141	sp1	237.43	17.16	12.14	5542100
36218	ceno	192.43	17.00	12.16	1796136
36218	sp1	235.04	18.45	11.48	5315824
36226	ceno	187.28	14.96	11.53	1786780
36226	sp1	229.45	19.55	11.62	5321612
36247	ceno	193.21	15.72	12.23	1798188
36247	sp1	229.62	25.41	11.86	5302580
36342	ceno	191.56	17.32	12.15	1799856
36342	sp1	234.16	20.75	12.07	5275468
36533	ceno	183.96	14.91	11.67	1785448
36533	sp1	232.56	22.76	11.82	5298900
36673	ceno	184.34	17.86	11.84	1783172
36673	sp1	233.07	19.84	12.25	5279852
36747	ceno	183.18	17.85	11.91	1787808
36747	sp1	233.67	19.06	11.74	5261684
36809	ceno	185.82	15.52	11.33	1797124
36809	sp1	231.67	26.20	11.94	5348732
36890	ceno	185.54	13.80	11.46	1763020
36890	sp1	234.29	16.85	11.97	5363340
36947	ceno	188.75	15.13	12.12	1783516
36947	sp1	233.34	16.01	11.47	5283436
37020	ceno	185.26	16.10	12.15	1787452
37020	sp1	233.72	17.41	12.01	5300988
37173	ceno	190.32	16.28	11.89	1788248
37173	sp1	234.14	22.97	12.67	5258664
37718	ceno	187.04	14.05	12.27	1796264
37718	sp1	231.25	18.51	12.02	5306704
37838	ceno	190.69	15.10	12.23	1786640
37838	sp1	232.26	17.87	12.08	5370728
38067	ceno	186.45	18.24	12	1780472
38067	sp1	232.05	22.94	11.81	5311844
38348	ceno	185.85	16.35	12.22	1796376
38348	sp1	235.23	15.89	11.7	5331508
38394	ceno	184.90	15.03	11.47	1782664
38394	sp1	237.20	19.41	11.49	5277128
38450	ceno	189.85	16.49	12.39	1777592
38450	sp1	230.73	20.34	12.57	5287044
38884	ceno	188.61	17.16	11.39	1792744
38884	sp1	233.54	18.68	12.07	5409528
39042	ceno	189.75	14.31	12.04	1787840
39042	sp1	233.41	18.65	12.23	5358604
39059	ceno	191.08	15.78	11.44	1791164
39059	sp1	230.97	18.55	12.14	5293012
39199	ceno	195.96	16.40	11.55	1786592
39199	sp1	234.99	23.37	11.81	5284280
39291	ceno	185.93	17.65	11.57	1787952
39291	sp1	234.09	22.25	11.76	5300572
39592	ceno	185.46	15.13	11.56	1775540
39592	sp1	233.97	20.78	12.04	5246852
39864	ceno	192.10	14.91	11.54	1767576
39864	sp1	236.80	18.93	11.67	5305992
40071	ceno	193.12	16.20	11.9	1802400
40071	sp1	234.97	17.36	11.45	5456832
40286	ceno	182.75	16.89	11.48	1777196
40286	sp1	230.64	21.81	12.12	5275636
40347	ceno	193.24	14.64	12.11	1792688
40347	sp1	235.99	19.75	11.75	5290132
40506	ceno	188.69	14.42	11.55	1784656
40506	sp1	232.34	19.38	11.56	5321704
40743	ceno	186.12	16.49	12.13	1790316
40743	sp1	234.38	18.94	12.13	5290188
40753	ceno	184.01	16.25	12.14	1812396
40753	sp1	233.95	19.75	12.13	5328504
40830	ceno	190.76	15.24	11.58	1791800
40830	sp1	239.22	16.17	12.15	5303120
41196	ceno	189.52	15.51	12.06	1784288
41196	sp1	232.41	21.37	11.95	5326764
41234	ceno	188.36	16.58	11.54	1774672
41234	sp1	234.75	24.49	11.89	5333428
41450	ceno	183.55	13.58	11.46	1782508
41450	sp1	235.67	22.74	11.67	5546896
41542	ceno	193.50	15.60	12.98	1776792
41542	sp1	236.47	17.29	11.95	5285308
41620	ceno	190.52	16.91	12.11	1800088
41620	sp1	232.29	17.00	11.77	5381008
41838	ceno	187.34	17.22	12.97	1785500
41838	sp1	235.72	18.92	12.34	5340360
41982	ceno	190.95	13.40	12.17	1808264
41982	sp1	232.35	21.88	11.81	5335324
42212	ceno	191.18	15.87	11.45	1801212
42212	sp1	234.17	18.81	12.19	5314752
42574	ceno	189.67	16.76	12.25	1781852
42574	sp1	234.68	23.02	11.57	5292416
42636	ceno	194.43	14.22	11.97	1783136
42636	sp1	229.74	23.05	11.77	5363044
42860	ceno	185.49	16.83	11.72	1775036
42860	sp1	231.47	22.33	11.75	5271148
42991	ceno	186.04	16.60	12.25	1798180
42991	sp1	234.30	24.17	11.9	5283688
43200	ceno	186.41	14.79	11.52	1785948
43200	sp1	234.94	19.44	12.22	5358272
43381	ceno	185.54	16.82	11.36	1778904
43381	sp1	235.14	20.15	11.73	5297196
43538	ceno	185.30	16.31	12.13	1775496
43538	sp1	235.05	22.08	11.82	5349528
43628	ceno	191.83	14.01	12.16	1799000
43628	sp1	233.79	21.96	12.09	5291176
43869	ceno	185.17	16.42	12.26	1783868
43869	sp1	237.14	17.15	11.81	5317172
43924	ceno	193.63	14.52	12.26	1781920
43924	sp1	230.44	21.93	11.57	5327552
43978	ceno	182.96	13.86	11.88	1805948
43978	sp1	238.42	17.45	12.4	5538380
43993	ceno	193.76	16.43	12.21	1772416
43993	sp1	233.58	18.86	12.18	5366768
44884	ceno	192.44	15.96	12.26	1795260
44884	sp1	236.29	22.17	11.96	5474040
45040	ceno	184.67	15.85	11.6	1781092
45040	sp1	235.18	22.63	11.75	5335140
45346	ceno	193.26	16.40	11.87	1797888
45346	sp1	238.34	19.58	11.97	5270964
45535	ceno	187.33	16.00	12.27	1783512
45535	sp1	235.47	22.84	12.96	5247636
45734	ceno	186.02	16.16	11.47	1778964
45734	sp1	230.55	23.62	11.68	5299240
45824	ceno	193.21	14.88	11.99	1792192
45824	sp1	234.47	21.43	11.52	5324124
45883	ceno	185.74	15.87	12	1774532
45883	sp1	237.90	19.61	11.91	5334432
45885	ceno	183.79	15.28	11.47	1798072
45885	sp1	235.29	26.08	12.04	5281388
46302	ceno	189.69	16.68	12.19	1787640
46302	sp1	232.41	22.08	11.73	5422608
46324	ceno	186.44	18.03	11.45	1802824
46324	sp1	236.18	19.65	12.16	5325796
46396	ceno	195.62	15.08	12.26	1779888
46396	sp1	231.30	23.31	11.82	5250616
46426	ceno	192.18	14.42	11.61	1790020
46426	sp1	238.35	17.41	12.15	5303292
46476	ceno	184.46	14.02	11.41	1771004
46476	sp1	231.57	17.47	12.04	5277496
46670	ceno	192.51	15.50	11.55	1784932
46670	sp1	232.67	17.71	11.79	5339196
46725	ceno	184.88	18.11	12.11	1805492
46725	sp1	239.07	17.82	11.95	5382536
46925	ceno	185.79	16.14	12	1794144
46925	sp1	235.34	16.96	12.14	5505860
47514	ceno	192.07	15.18	11.46	1805912
47514	sp1	235.14	23.46	11.69	5336596
47651	ceno	192.67	14.06	12.16	1770672
47651	sp1	227.91	26.85	11.75	5387720
47836	ceno	190.08	15.42	11.37	1777100
47836	sp1	230.33	23.13	11.58	5396588
48133	ceno	187.39	19.10	12.2	1767300
48133	sp1	237.96	19.56	11.68	5459680
48361	ceno	182.27	16.27	12.27	1768772
48361	sp1	233.16	19.80	11.91	5290528
48531	ceno	184.89	16.15	11.39	1789736
48531	sp1	233.00	19.21	12.05	5297108
49085	ceno	189.52	17.45	11.87	1805116
49085	sp1	235.93	19.38	12.1	5344684
49206	ceno	189.02	16.60	11.51	1790048
49206	sp1	236.98	17.93	11.89	5318388
49244	ceno	186.51	16.49	11.68	1817872
49244	sp1	231.82	20.28	11.59	5324356
49261	ceno	187.91	15.24	11.56	1797320
49261	sp1	234.26	17.26	11.6	5304412
49276	ceno	188.42	16.64	11.43	1792772
49276	sp1	235.87	21.60	11.73	5309516
49311	ceno	192.75	16.57	12.19	1793488
49311	sp1	231.75	22.82	12.09	5268252
49394	ceno	191.72	17.64	11.6	1791480
49394	sp1	233.15	22.33	12.21	5285460
49399	ceno	190.26	17.16	12.06	1794584
49399	sp1	235.45	26.98	11.77	5379624
49480	ceno	184.07	15.17	11.43	1822160
49480	sp1	234.24	27.85	11.84	5271832
49565	ceno	191.22	16.15	12.27	1786364
49565	sp1	237.24	20.15	11.75	5347904
49569	ceno	185.34	16.62	11.55	1793348
49569	sp1	235.38	18.22	11.84	5292576
49674	ceno	185.12	15.28	11.49	1785552
49674	sp1	235.38	17.20	12.27	5333440
49815	ceno	183.01	18.31	11.74	1783612
49815	sp1	232.18	20.87	11.99	5335932
49855	ceno	187.04	16.37	11.5	1792640
49855	sp1	233.35	23.75	11.81	5339676
50017	ceno	190.68	15.57	12.3	1799856
50017	sp1	235.67	20.03	11.87	5320060
50718	ceno	183.56	18.11	12.06	1801316
50718	sp1	231.37	21.75	12.13	5341504
50845	ceno	183.64	15.95	11.55	1788348
50845	sp1	234.86	18.57	12.28	5414200
50852	ceno	187.04	15.39	11.69	1792700
50852	sp1	237.04	19.58	11.95	5299872
50871	ceno	184.07	16.30	12.31	1792012
50871	sp1	233.11	24.67	11.89	5311168
50902	ceno	186.53	15.46	11.96	1790520
50902	sp1	235.81	20.89	12.51	5297104
50995	ceno	188.37	16.05	12.29	1794928
50995	sp1	234.03	26.20	11.83	5396700
51340	ceno	191.00	17.54	11.62	1783176
51340	sp1	232.95	25.67	11.78	5299452
51594	ceno	186.47	16.48	12.19	1799968
51594	sp1	289.35	21.95	13.84	6386324
51917	ceno	184.82	16.86	11.62	1792728
51917	sp1	292.71	20.57	13.34	6443796
52092	ceno	193.00	17.53	11.59	1788196
52092	sp1	289.88	23.33	13.65	6399444
52386	ceno	190.87	14.70	11.42	1798028
52386	sp1	296.64	22.05	13.7	6708188
52439	ceno	186.36	15.37	11.96	1798316
52439	sp1	292.21	22.41	14	6691524
52489	ceno	188.55	16.30	12.16	1793584
52489	sp1	294.75	28.46	14.4	6517736
52706	ceno	189.54	13.61	11.58	1785028
52706	sp1	296.51	26.35	14.09	6656812
52827	ceno	189.77	13.97	12.24	1805284
52827	sp1	296.31	25.85	13.73	6670492
53025	ceno	185.64	17.22	12.09	1797512
53025	sp1	298.93	18.86	13.94	6450504
53411	ceno	187.23	17.46	12.24	1799180
53411	sp1	294.79	25.10	14.15	6501480
53421	ceno	184.14	16.89	12.94	1811580
53421	sp1	296.42	23.12	13.7	6529588
53491	ceno	188.19	14.31	12.25	1800044
53491	sp1	299.05	22.33	14.47	6575220
53664	ceno	190.92	15.95	11.54	1798716
53664	sp1	298.00	27.65	13.75	6584692
53715	ceno	187.48	15.79	11.37	1793908
53715	sp1	297.30	21.20	14.15	6503676
53719	ceno	183.64	16.15	11.58	1796788
53719	sp1	298.26	28.01	13.73	6487316
53842	ceno	190.31	15.92	11.61	1788956
53842	sp1	294.30	31.83	13.86	6572652
53849	ceno	187.74	17.39	11.56	1795408
53849	sp1	296.02	26.66	13.88	6619568
53981	ceno	187.80	16.52	12.02	1805796
53981	sp1	294.59	27.23	14.37	6573632
54481	ceno	187.50	18.30	12.05	1791796
54481	sp1	293.27	21.12	14.15	6563112
54782	ceno	188.38	18.22	12.49	1802876
54782	sp1	298.75	26.04	13.94	6637544
54944	ceno	184.89	16.78	11.71	1798424
54944	sp1	296.08	21.94	14.28	6376168
55106	ceno	185.52	15.35	11.93	1771140
55106	sp1	297.48	24.66	14.26	6586648
55319	ceno	184.51	17.80	12.33	1792824
55319	sp1	295.09	23.76	14.37	6555128
55435	ceno	187.29	15.02	11.62	1785776
55435	sp1	292.53	25.99	13.68	6562552
55462	ceno	187.25	15.62	12.17	1799372
55462	sp1	293.02	24.44	14.24	6534396
55550	ceno	183.61	16.57	11.77	1804920
55550	sp1	295.99	25.83	14.43	6582004
55638	ceno	184.95	17.74	12.15	1777360
55638	sp1	301.13	21.44	14.27	6549184
55724	ceno	182.84	17.82	11.58	1774484
55724	sp1	294.89	29.53	14.04	6619448
55875	ceno	189.17	13.88	12.06	1797232
55875	sp1	299.01	25.29	13.84	6562636
55904	ceno	187.16	16.18	11.6	1776832
55904	sp1	291.58	29.13	13.98	6521316
56014	ceno	186.25	14.17	11.58	1787532
56014	sp1	292.84	23.53	14.3	6583436
56095	ceno	185.05	14.71	12.01	1809680
56095	sp1	295.17	26.60	13.67	6526828
56142	ceno	192.27	16.13	12.4	1804608
56142	sp1	295.06	29.26	14.27	6500972
56314	ceno	186.66	16.81	11.52	1799048
56314	sp1	293.24	29.12	13.89	6492040
56517	ceno	186.09	16.02	11.97	1798608
56517	sp1	296.07	22.86	14.15	6511580
56589	ceno	188.44	18.48	11.69	1801256
56589	sp1	297.11	22.17	14.43	6364804
56865	ceno	185.38	17.68	11.62	1806356
56865	sp1	293.37	28.33	14.09	6618096
56909	ceno	188.49	17.45	12.19	1789016
56909	sp1	293.16	25.20	13.68	6522076
56954	ceno	184.51	16.73	11.48	1808452
56954	sp1	294.53	23.99	13.98	6511736
57180	ceno	187.25	16.51	12.09	1775256
57180	sp1	297.09	26.91	13.95	6516876
57200	ceno	185.26	13.95	11.39	1804020
57200	sp1	299.47	27.62	14.28	6481796
57285	ceno	185.43	15.58	12.01	1798092
57285	sp1	294.06	26.92	14.55	6597944
57310	ceno	187.57	16.19	12.46	1797560
57310	sp1	300.96	27.30	14.54	6228056
57402	ceno	192.89	16.43	12.09	1787392
57402	sp1	296.02	19.75	13.9	6575684
57427	ceno	190.23	17.65	11.49	1791188
57427	sp1	298.81	26.67	14.87	6462712
57601	ceno	186.39	15.74	12.14	1789712
57601	sp1	296.12	23.84	14.12	6464036
57609	ceno	191.76	16.19	12.25	1807164
57609	sp1	297.44	25.63	14.37	6503880
57653	ceno	184.23	16.94	12.1	1811248
57653	sp1	295.94	26.08	14.24	6354064
57742	ceno	188.34	15.80	12	1779576
57742	sp1	294.72	27.03	14.37	6485552
58067	ceno	191.68	15.07	11.63	1804760
58067	sp1	294.91	27.28	14.21	6544400
58200	ceno	187.35	15.40	12.12	1797080
58200	sp1	300.22	25.36	14.29	6484740
58443	ceno	183.07	15.94	11.54	1792080
58443	sp1	296.22	22.22	14.34	6588904
58463	ceno	195.12	14.09	11.61	1789332
58463	sp1	294.15	26.71	14.19	6652608
58631	ceno	185.63	15.71	12.34	1809528
58631	sp1	294.81	23.06	13.9	6462140
58998	ceno	186.49	16.17	11.7	1784112
58998	sp1	300.88	23.32	14.28	6517524
59064	ceno	185.93	17.71	11.98	1806616
59064	sp1	299.02	28.25	14.16	6740212
59249	ceno	187.26	17.12	12.14	1795156
59249	sp1	297.26	17.21	14.26	6506156
59573	ceno	191.34	15.19	11.58	1777564
59573	sp1	294.29	27.02	14.38	6720176
59848	ceno	187.33	16.64	12.14	1795888
59848	sp1	295.92	25.77	14.29	6476988
60909	ceno	187.72	14.53	11.97	1809144
60909	sp1	295.90	24.28	14.19	6673512
60945	ceno	185.30	14.39	11.68	1779896
60945	sp1	292.23	22.10	14.01	6471112
60966	ceno	188.80	14.25	12.2	1793176
60966	sp1	293.77	28.22	13.98	6625148
61020	ceno	194.44	14.29	11.46	1771304
61020	sp1	300.18	27.14	14.08	6634604
61287	ceno	194.38	17.34	12.22	1800672
61287	sp1	295.03	26.77	14.11	6466508
61496	ceno	189.59	15.43	11.98	1777780
61496	sp1	296.98	26.01	14.06	6688732
61524	ceno	186.40	15.32	11.51	1790096
61524	sp1	294.83	29.64	14.61	6505132
61630	ceno	190.58	17.21	11.61	1767044
61630	sp1	299.22	23.79	13.9	6668304
62242	ceno	191.36	17.84	11.53	1798440
62242	sp1	296.59	25.02	13.97	6539976
62252	ceno	184.87	14.06	11.77	1779344
62252	sp1	297.98	24.41	14.23	6546952
62308	ceno	192.17	14.74	11.44	1805732
62308	sp1	301.25	25.53	14.42	6526244
62321	ceno	187.46	16.45	12.6	1799132
62321	sp1	300.95	23.38	14.26	6551116
62425	ceno	184.16	16.16	11.49	1808236
62425	sp1	293.49	22.44	14.13	6513368
62450	ceno	184.32	15.39	12.05	1793508
62450	sp1	296.48	22.63	13.93	6607096
62457	ceno	191.88	16.06	11.45	1806516
62457	sp1	301.65	24.53	14.47	6416952
62568	ceno	191.42	15.79	11.57	1780648
62568	sp1	294.77	24.81	14.39	6594596
62711	ceno	185.81	16.87	11.98	1788464
62711	sp1	294.34	25.47	13.92	6511340
63019	ceno	194.53	16.34	11.69	1795296
63019	sp1	298.26	20.16	14.11	6565020
63154	ceno	189.17	15.21	12.16	1780876
63154	sp1	294.57	23.99	14.23	6537228
63207	ceno	183.76	17.06	11.37	1764372
63207	sp1	297.09	26.83	14.01	6530424
63583	ceno	193.94	13.95	11.51	1797072
63583	sp1	301.34	24.98	14.13	6514276
63624	ceno	194.55	13.90	11.55	1800156
63624	sp1	293.00	23.02	13.53	6622240
63736	ceno	191.95	16.54	12.15	1783392
63736	sp1	298.24	25.31	13.9	6535580
63855	ceno	193.63	15.11	11.5	1807144
63855	sp1	296.31	24.32	14.08	6682700
63865	ceno	190.07	15.54	12.68	1777504
63865	sp1	300.29	22.47	14.3	6544724
64076	ceno	184.39	15.10	11.93	1798276
64076	sp1	295.60	24.30	14.32	6641700
64389	ceno	182.54	14.34	11.96	1784912
64389	sp1	298.97	27.07	13.97	6536556
64679	ceno	188.43	14.00	11.47	1772160
64679	sp1	296.23	28.50	14.2	6444932
64789	ceno	189.24	16.33	12.11	1782148
64789	sp1	298.21	25.79	14.04	6630428
204623	ceno	NaN	NaN	NaN	NaN
331980	ceno	391.42	33.17	16.51	7294648
331980	sp1	756.47	38.57	33.33	14205244
342333	ceno	386.53	30.77	17.17	7217432
342333	sp1	762.24	42.70	34.32	14465912
362395	ceno	385.21	26.30	16.15	7314096
362395	sp1	766.94	44.19	34.09	13537440
399980	ceno	386.91	31.44	17.37	7302684
399980	sp1	757.32	39.94	34.09	14411376
460340	ceno	383.57	26.93	17.21	7327400
460340	sp1	797.78	44.01	30.43	12511824
704853	ceno	586.57	43.83	21.93	13352852
704853	sp1	1253.03	64.28	35.71	21609360
871472	ceno	594.73	44.59	22.17	13315236
871472	sp1	1384.73	62.72	36.48	20101544
887880	ceno	590.40	46.75	22.55	13436824
887880	sp1	1385.81	56.64	35.64	19474184
