#	size	system	user time	system time	wall clock time
	ceno	129.28	15.26	10.72	1194756
	ceno	132.31	13.01	10.33	1194184
	ceno	138.40	12.81	10.67	1196340
	ceno	138.91	12.60	10.62	1194400
	ceno	139.37	12.49	11.1	1202552
	ceno	141.75	9.95	10.43	1186768
	ceno	142.01	10.05	11.26	1200564
	ceno	142.67	11.82	11.36	1153916
	ceno	142.83	12.19	11.32	1205056
	ceno	143.16	10.32	11.15	1205084
	ceno	144.24	11.26	11.3	1199736
	ceno	144.85	10.16	11.1	1244384
	ceno	145.61	12.18	11.23	1180768
	ceno	145.73	12.68	10.59	1183064
	ceno	146.29	12.04	10.7	1222000
	ceno	146.35	11.87	10.68	1235076
	ceno	146.41	11.16	10.75	1241132
	ceno	146.54	11.86	10.53	1256816
	ceno	147.12	11.73	11.18	1238056
	ceno	147.41	10.66	11.17	1239012
	ceno	147.71	11.94	10.68	1219756
	ceno	148.03	12.25	11.31	1248012
	ceno	148.41	10.99	11.12	1256376
	ceno	148.50	13.44	11.23	1251464
	ceno	149.18	11.32	10.86	1194968
	ceno	149.25	12.08	11.48	1211192
	ceno	149.35	11.02	11.41	1239648
	ceno	149.40	14.18	11.3	1256680
	ceno	149.41	11.58	10.58	1236376
	ceno	149.50	9.78	10.71	1240484
	ceno	150.04	13.52	10.89	1326020
	ceno	150.16	10.72	11.25	1245708
	ceno	151.25	10.67	10.6	1237932
	ceno	151.50	11.49	10.74	1245608
	ceno	151.53	12.12	10.6	1229852
	ceno	151.60	11.87	11.21	1229064
	ceno	151.65	10.65	11.15	1219932
	ceno	151.85	12.13	11.36	1271520
	ceno	152.28	11.86	11.45	1223496
	ceno	152.61	11.65	11.22	1334412
	ceno	153.01	14.30	10.77	1289592
	ceno	153.11	13.55	10.77	1325036
	ceno	153.15	12.79	10.64	1249012
	ceno	153.18	12.19	10.71	1246740
	ceno	153.26	11.61	11.55	1234228
	ceno	153.37	12.13	10.74	1242092
	ceno	153.38	14.23	11.48	1320572
	ceno	153.46	14.14	11.37	1338088
	ceno	153.74	15.04	10.86	1339612
	ceno	153.91	11.63	10.91	1347032
	ceno	153.99	11.44	10.74	1335168
	ceno	154.04	11.28	11.45	1279404
	ceno	154.23	12.11	10.7	1336232
	ceno	154.30	12.41	10.63	1340236
	ceno	154.52	11.45	11.19	1333656
	ceno	154.58	13.61	10.76	1340988
	ceno	154.65	13.98	10.75	1336372
	ceno	154.70	11.55	10.78	1240468
	ceno	154.72	12.75	11.46	1341872
	ceno	154.75	13.14	11.61	1305244
	ceno	154.80	11.80	10.89	1303228
	ceno	154.86	10.04	10.62	1244100
	ceno	154.88	12.07	10.83	1344352
	ceno	154.98	11.92	10.74	1338656
	ceno	155.19	12.18	10.81	1354488
	ceno	155.37	12.69	11.21	1239304
	ceno	155.53	13.13	10.86	1344704
	ceno	155.71	10.51	10.6	1250868
	ceno	155.73	11.78	11.33	1325276
	ceno	155.74	11.83	11.61	1337688
	ceno	155.83	11.64	11.66	1323904
	ceno	155.98	11.72	10.77	1322828
	ceno	156.19	12.20	11.51	1337540
	ceno	156.52	11.46	10.79	1251116
	ceno	156.73	13.60	11.32	1336592
	ceno	157.31	12.33	12.11	1304656
	ceno	157.47	12.08	10.96	1342588
	ceno	157.55	11.13	11.96	1326508
	ceno	157.78	12.46	10.69	1277996
	ceno	157.84	12.04	10.9	1330696
	ceno	158.00	12.08	11.39	1334724
	ceno	158.02	13.26	10.89	1340936
	ceno	158.41	12.08	10.76	1331264
	ceno	158.49	12.11	10.91	1340512
	ceno	158.64	11.77	10.89	1335552
	ceno	158.86	12.92	11.48	1331076
	ceno	159.07	12.62	10.92	1315072
	ceno	159.36	12.36	10.71	1332676
	ceno	159.85	12.89	11.45	1310628
	ceno	160.25	13.01	11.5	1340068
	ceno	160.49	13.98	11.57	1337276
	ceno	160.58	10.90	10.83	1345496
	ceno	160.89	13.89	11.55	1336808
	ceno	161.25	12.06	11.39	1347924
	ceno	161.29	12.76	10.83	1345488
	ceno	161.42	12.49	10.94	1328092
	ceno	161.51	11.92	11.58	1335304
	ceno	161.60	11.07	11.12	1337784
	ceno	161.68	10.95	10.84	1342136
	ceno	162.15	12.65	11.01	1332644
	ceno	162.85	11.78	11.53	1325504
	ceno	163.19	12.05	10.86	1340048
	ceno	163.66	11.39	10.88	1340608
	ceno	163.94	13.23	11.44	1478716
	ceno	164.24	15.95	11.82	1467184
	ceno	164.27	14.90	11.16	1480440
	ceno	164.67	14.28	11.27	1452460
	ceno	164.76	13.09	11.13	1453160
	ceno	164.83	13.35	11.8	1496468
	ceno	164.95	15.29	11.02	1479312
	ceno	165.13	12.24	10.91	1489216
	ceno	165.13	13.50	11.36	1478144
	ceno	165.41	15.45	10.95	1510216
	ceno	165.63	14.10	11.56	1482224
	ceno	165.75	14.50	11.3	1492352
	ceno	165.79	12.37	12.08	1483664
	ceno	165.84	14.26	11.68	1492184
	ceno	165.98	15.01	11.04	1460340
	ceno	165.99	14.66	10.99	1462512
	ceno	166.09	12.94	11.11	1454488
	ceno	166.15	13.28	11.77	1462124
	ceno	166.15	14.54	11.12	1489216
	ceno	166.78	13.12	11.19	1476192
	ceno	166.79	13.83	10.95	1469512
	ceno	166.82	13.85	10.9	1476012
	ceno	166.84	15.46	12.44	1485224
	ceno	166.88	15.01	11.6	1454816
	ceno	166.91	12.24	11.6	1474572
	ceno	166.92	13.43	11.74	1462728
	ceno	167.00	13.58	11.72	1464888
	ceno	167.01	14.43	12.67	1476372
	ceno	167.06	12.37	11.63	1480916
	ceno	167.10	15.53	10.96	1488464
	ceno	167.41	14.70	11.06	1485216
	ceno	167.47	13.25	11.1	1475388
	ceno	167.53	13.81	10.98	1470824
	ceno	167.62	11.36	11.08	1494508
	ceno	167.66	14.47	11.61	1480192
	ceno	167.68	13.45	11.18	1480104
	ceno	167.76	14.83	10.96	1497508
	ceno	167.83	13.64	10.93	1472276
	ceno	167.84	15.87	11.8	1485924
	ceno	167.94	13.87	11.69	1493868
	ceno	168.05	12.60	10.99	1493700
	ceno	168.22	14.28	11.59	1487972
	ceno	168.24	16.37	11.69	1463368
	ceno	168.26	15.64	11.06	1472336
	ceno	168.37	15.04	11.74	1476908
	ceno	168.49	14.13	11.24	1476076
	ceno	168.56	13.39	11.52	1475868
	ceno	168.68	13.24	11.15	1487504
	ceno	168.69	10.93	10.95	1443036
	ceno	168.94	13.10	11.71	1474264
	ceno	168.99	14.56	11.62	1475652
	ceno	169.16	12.94	11.56	1477752
	ceno	169.35	12.42	11	1496516
	ceno	169.41	14.17	11.03	1456188
	ceno	169.51	13.14	10.9	1469944
	ceno	169.74	14.50	11.7	1472880
	ceno	169.74	15.11	11.24	1476640
	ceno	169.80	15.50	10.99	1490852
	ceno	169.85	14.78	11.56	1495508
	ceno	170.05	15.17	11.09	1490472
	ceno	170.07	14.11	11.27	1477068
	ceno	170.28	16.33	11.47	1474268
	ceno	170.47	13.99	11.23	1446876
	ceno	170.68	13.79	11.05	1431564
	ceno	170.77	14.19	11.76	1496260
	ceno	171.23	15.10	11.79	1457860
	ceno	171.39	12.96	11.8	1487756
	ceno	171.49	14.17	11.34	1469412
	ceno	171.51	10.21	11.61	1467704
	ceno	171.65	13.71	11.81	1464228
	ceno	171.69	14.02	11.65	1479152
	ceno	171.77	14.25	11.62	1470172
	ceno	171.79	12.28	11.78	1467264
	ceno	171.85	14.88	11.59	1446624
	ceno	171.88	14.88	11.13	1464152
	ceno	172.08	12.34	11.59	1482916
	ceno	172.27	14.45	11.22	1472032
	ceno	172.34	13.19	11.63	1455280
	ceno	172.44	11.98	11.74	1467404
	ceno	172.96	14.24	11.63	1476660
	ceno	172.99	15.87	11.66	1488044
	ceno	173.03	14.41	11.01	1461244
	ceno	173.19	13.75	11.97	1484852
	ceno	173.27	12.59	11.03	1494268
	ceno	173.30	11.97	11.7	1496156
	ceno	173.50	13.38	11.16	1493772
	ceno	173.81	12.33	11.04	1476320
	ceno	174.04	12.87	11.16	1483896
	ceno	174.50	14.89	11.07	1481436
	ceno	174.78	13.45	11.81	1478924
	ceno	175.11	13.87	11.01	1482032
	ceno	175.22	13.34	11.4	1479380
	ceno	175.67	14.00	11.09	1495276
	ceno	176.15	14.09	11.7	1472100
	ceno	176.44	17.58	11.17	1475868
	ceno	176.55	15.50	11.7	1479676
	ceno	176.72	13.25	11.01	1488272
	ceno	182.27	16.27	12.27	1768772
	ceno	182.50	16.64	11.3	1792840
	ceno	182.54	14.34	11.96	1784912
	ceno	182.75	16.89	11.48	1777196
	ceno	182.84	17.82	11.58	1774484
	ceno	182.96	13.86	11.88	1805948
	ceno	183.01	18.31	11.74	1783612
	ceno	183.07	15.94	11.54	1792080
	ceno	183.15	14.47	11.49	1803976
	ceno	183.18	17.85	11.91	1787808
	ceno	183.55	13.58	11.46	1782508
	ceno	183.56	18.11	12.06	1801316
	ceno	183.61	16.57	11.77	1804920
	ceno	183.64	15.95	11.55	1788348
	ceno	183.64	16.15	11.58	1796788
	ceno	183.74	16.15	12.05	1781268
	ceno	183.76	17.06	11.37	1764372
	ceno	183.79	15.28	11.47	1798072
	ceno	183.96	14.91	11.67	1785448
	ceno	184.01	16.25	12.14	1812396
	ceno	184.07	15.17	11.43	1822160
	ceno	184.07	16.30	12.31	1792012
	ceno	184.14	16.89	12.94	1811580
	ceno	184.16	16.16	11.49	1808236
	ceno	184.23	16.94	12.1	1811248
	ceno	184.32	15.39	12.05	1793508
	ceno	184.34	17.86	11.84	1783172
	ceno	184.39	15.10	11.93	1798276
	ceno	184.46	14.02	11.41	1771004
	ceno	184.51	16.73	11.48	1808452
	ceno	184.51	17.80	12.33	1792824
	ceno	184.67	15.85	11.6	1781092
	ceno	184.72	16.38	11.36	1792956
	ceno	184.78	15.93	12.03	1784688
	ceno	184.82	16.86	11.62	1792728
	ceno	184.83	17.60	11.43	1799832
	ceno	184.87	14.06	11.77	1779344
	ceno	184.88	18.11	12.11	1805492
	ceno	184.89	16.15	11.39	1789736
	ceno	184.89	16.78	11.71	1798424
	ceno	184.90	15.03	11.47	1782664
	ceno	184.95	17.74	12.15	1777360
	ceno	185.05	14.71	12.01	1809680
	ceno	185.12	15.28	11.49	1785552
	ceno	185.17	16.42	12.26	1783868
	ceno	185.26	13.95	11.39	1804020
	ceno	185.30	14.39	11.68	1779896
	ceno	185.30	16.31	12.13	1775496
	ceno	185.34	16.62	11.55	1793348
	ceno	185.38	17.68	11.62	1806356
	ceno	185.43	15.58	12.01	1798092
	ceno	185.46	15.13	11.56	1775540
	ceno	185.49	16.83	11.72	1775036
	ceno	185.52	15.35	11.93	1771140
	ceno	185.54	13.80	11.46	1763020
	ceno	185.54	16.82	11.36	1778904
	ceno	185.55	17.77	12.13	1801484
	ceno	185.63	15.71	12.34	1809528
	ceno	185.64	17.22	12.09	1797512
	ceno	185.74	15.87	12	1774532
	ceno	185.79	16.14	12	1794144
	ceno	185.81	16.87	11.98	1788464
	ceno	185.82	15.52	11.33	1797124
	ceno	185.85	16.35	12.22	1796376
	ceno	185.93	17.65	11.57	1787952
	ceno	185.93	17.71	11.98	1806616
	ceno	185.99	15.98	11.91	1799752
	ceno	186.02	16.16	11.47	1778964
	ceno	186.04	16.60	12.25	1798180
	ceno	186.09	16.02	11.97	1798608
	ceno	186.12	16.49	12.13	1790316
	ceno	186.25	14.17	11.58	1787532
	ceno	186.36	15.37	11.96	1798316
	ceno	186.39	15.74	12.14	1789712
	ceno	186.40	15.32	11.51	1790096
	ceno	186.41	14.79	11.52	1785948
	ceno	186.41	16.40	11.51	1792268
	ceno	186.44	18.03	11.45	1802824
	ceno	186.45	18.24	12	1780472
	ceno	186.46	14.73	11.51	1809252
	ceno	186.47	16.48	12.19	1799968
	ceno	186.49	16.17	11.7	1784112
	ceno	186.51	16.49	11.68	1817872
	ceno	186.53	15.46	11.96	1790520
	ceno	186.66	16.81	11.52	1799048
	ceno	187.04	15.39	11.69	1792700
	ceno	187.04	16.37	11.5	1792640
	ceno	187.16	16.18	11.6	1776832
	ceno	187.23	17.46	12.24	1799180
	ceno	187.25	15.62	12.17	1799372
	ceno	187.25	16.51	12.09	1775256
	ceno	187.26	17.12	12.14	1795156
	ceno	187.28	14.96	11.53	1786780
	ceno	187.29	15.02	11.62	1785776
	ceno	187.33	16.00	12.27	1783512
	ceno	187.33	16.64	12.14	1795888
	ceno	187.34	17.22	12.97	1785500
	ceno	187.35	15.40	12.12	1797080
	ceno	187.39	19.10	12.2	1767300
	ceno	187.46	16.45	12.6	1799132
	ceno	187.48	15.79	11.37	1793908
	ceno	187.50	18.30	12.05	1791796
	ceno	187.57	16.19	12.46	1797560
	ceno	187.72	14.53	11.97	1809144
	ceno	187.74	17.39	11.56	1795408
	ceno	187.80	16.52	12.02	1805796
	ceno	187.91	15.24	11.56	1797320
	ceno	188.19	14.31	12.25	1800044
	ceno	188.34	15.80	12	1779576
	ceno	188.36	16.58	11.54	1774672
	ceno	188.37	14.77	11.96	1786488
	ceno	188.37	16.05	12.29	1794928
	ceno	188.38	18.22	12.49	1802876
	ceno	188.42	16.64	11.43	1792772
	ceno	188.43	14.00	11.47	1772160
	ceno	188.43	14.68	11.43	1779968
	ceno	188.44	18.48	11.69	1801256
	ceno	188.49	17.45	12.19	1789016
	ceno	188.55	16.30	12.16	1793584
	ceno	188.69	14.42	11.55	1784656
	ceno	188.75	15.13	12.12	1783516
	ceno	188.80	14.25	12.2	1793176
	ceno	188.92	17.24	11.56	1807136
	ceno	188.98	14.33	12.06	1785724
	ceno	189.02	16.60	11.51	1790048
	ceno	189.17	13.88	12.06	1797232
	ceno	189.17	15.21	12.16	1780876
	ceno	189.24	16.33	12.11	1782148
	ceno	189.52	15.51	12.06	1784288
	ceno	189.52	17.45	11.87	1805116
	ceno	189.54	13.61	11.58	1785028
	ceno	189.59	15.43	11.98	1777780
	ceno	189.67	16.76	12.25	1781852
	ceno	189.69	16.68	12.19	1787640
	ceno	189.70	13.21	11.56	1784676
	ceno	189.75	14.31	12.04	1787840
	ceno	189.77	13.97	12.24	1805284
	ceno	189.85	16.49	12.39	1777592
	ceno	190.08	15.42	11.37	1777100
	ceno	190.23	17.65	11.49	1791188
	ceno	190.26	17.16	12.06	1794584
	ceno	190.31	15.92	11.61	1788956
	ceno	190.32	16.28	11.89	1788248
	ceno	190.52	16.91	12.11	1800088
	ceno	190.58	17.21	11.61	1767044
	ceno	190.69	15.10	12.23	1786640
	ceno	190.76	15.24	11.58	1791800
	ceno	190.87	14.70	11.42	1798028
	ceno	190.92	15.95	11.54	1798716
	ceno	190.95	13.40	12.17	1808264
	ceno	191.00	17.54	11.62	1783176
	ceno	191.08	15.78	11.44	1791164
	ceno	191.14	16.21	12.29	1798308
	ceno	191.18	15.87	11.45	1801212
	ceno	191.22	16.15	12.27	1786364
	ceno	191.34	15.19	11.58	1777564
	ceno	191.40	16.75	12.04	1786392
	ceno	191.42	15.79	11.57	1780648
	ceno	191.46	13.58	11.48	1780992
	ceno	191.56	17.32	12.15	1799856
	ceno	191.68	15.07	11.63	1804760
	ceno	191.72	17.64	11.6	1791480
	ceno	191.76	16.19	12.25	1807164
	ceno	191.83	14.01	12.16	1799000
	ceno	191.88	16.06	11.45	1806516
	ceno	191.95	16.54	12.15	1783392
	ceno	192.07	15.18	11.46	1805912
	ceno	192.10	14.91	11.54	1767576
	ceno	192.17	14.74	11.44	1805732
	ceno	192.18	14.42	11.61	1790020
	ceno	192.27	16.13	12.4	1804608
	ceno	192.43	17.00	12.16	1796136
	ceno	192.44	15.96	12.26	1795260
	ceno	192.50	16.48	11.83	1807520
	ceno	192.51	15.50	11.55	1784932
	ceno	192.67	14.06	12.16	1770672
	ceno	192.75	16.57	12.19	1793488
	ceno	192.89	16.43	12.09	1787392
	ceno	192.99	16.45	11.46	1796896
	ceno	193.00	17.53	11.59	1788196
	ceno	193.12	16.20	11.9	1802400
	ceno	193.21	14.88	11.99	1792192
	ceno	193.21	15.72	12.23	1798188
	ceno	193.24	14.64	12.11	1792688
	ceno	193.26	16.40	11.87	1797888
	ceno	193.50	15.60	12.98	1776792
	ceno	193.63	14.52	12.26	1781920
	ceno	193.63	15.11	11.5	1807144
	ceno	193.74	15.50	12.07	1784744
	ceno	193.76	16.43	12.21	1772416
	ceno	194.06	14.80	11.35	1786836
	ceno	194.17	13.52	11.36	1789488
	ceno	194.38	17.34	12.22	1800672
	ceno	194.43	14.22	11.97	1783136
	ceno	194.44	14.29	11.46	1771304
	ceno	194.53	16.34	11.69	1795296
	ceno	194.55	13.90	11.55	1800156
	ceno	195.12	14.09	11.61	1789332
	ceno	195.62	15.08	12.26	1779888
	sp1	164.12	17.27	9.64	4374120
	sp1	166.77	17.62	9.68	4395528
	sp1	167.12	20.42	9.75	4452456
	sp1	167.70	17.67	10.01	4407768
	sp1	167.76	17.52	9.74	4388880
	sp1	167.76	18.83	9.92	4422552
	sp1	167.90	19.86	10.15	4391044
	sp1	168.11	18.88	9.78	4413684
	sp1	168.37	17.91	9.65	4388448
	sp1	168.45	17.13	10.01	4365984
	sp1	168.60	19.50	9.9	4391392
	sp1	168.62	18.42	10.11	4403636
	sp1	168.65	18.93	10.13	4386912
	sp1	168.67	16.85	10.03	4417920
	sp1	169.05	14.85	10.03	4400360
	sp1	169.08	18.07	9.83	4454380
	sp1	169.18	16.57	10.05	4378216
	sp1	169.61	16.44	10.19	4400392
	sp1	169.87	16.06	9.99	4393644
	sp1	169.98	16.71	10.01	4413388
	sp1	170.02	16.64	10.15	4411512
	sp1	170.02	19.64	10.37	4459268
	sp1	170.16	17.48	9.75	4393556
	sp1	170.24	18.60	10.07	4396772
	sp1	170.41	20.30	10.39	4476904
	sp1	170.44	19.02	10.04	4413568
	sp1	170.56	18.05	10.34	4447932
	sp1	170.70	18.79	10.26	4425444
	sp1	170.94	16.82	10.03	4427000
	sp1	171.05	16.89	9.96	4413608
	sp1	171.19	16.82	10	4503052
	sp1	171.22	18.18	10.18	4491752
	sp1	171.40	15.75	9.92	4391180
	sp1	171.42	16.33	10.09	4413688
	sp1	171.50	18.32	10.3	4475924
	sp1	171.58	19.99	10.28	4454832
	sp1	171.65	15.66	10.07	4426848
	sp1	171.72	17.39	10.13	4447120
	sp1	171.72	17.43	9.74	4398664
	sp1	171.84	17.41	10.28	4409900
	sp1	171.86	17.21	9.65	4425028
	sp1	171.99	16.12	9.92	4401600
	sp1	172.13	18.06	9.78	4468416
	sp1	172.14	15.37	9.73	4422796
	sp1	172.24	19.15	10.57	4476372
	sp1	172.33	15.96	10.02	4407820
	sp1	172.52	18.86	10.16	4458540
	sp1	172.69	18.38	10	4494076
	sp1	172.70	18.74	9.97	4465104
	sp1	172.74	16.41	9.84	4425624
	sp1	172.75	19.64	10.33	4484344
	sp1	173.09	16.84	10.31	4452776
	sp1	173.21	13.19	10.02	4415432
	sp1	173.21	18.42	10.03	4398264
	sp1	173.29	18.03	10.05	4464832
	sp1	173.30	18.04	10.15	4393156
	sp1	173.34	16.86	10.26	4479064
	sp1	173.34	18.25	10.31	4474728
	sp1	173.69	19.49	10.24	4490900
	sp1	173.73	18.34	10.12	4490852
	sp1	173.81	17.37	10.29	4463528
	sp1	173.89	16.01	9.86	4465208
	sp1	173.90	17.32	10.15	4472268
	sp1	174.00	16.61	10.16	4431836
	sp1	174.81	18.48	9.77	4473268
	sp1	174.89	16.97	9.76	4441548
	sp1	175.07	17.31	10.22	4475728
	sp1	175.18	15.96	10.14	4457760
	sp1	175.41	16.36	10.03	4487608
	sp1	175.53	18.66	10.19	4490216
	sp1	175.68	15.46	9.93	4464888
	sp1	176.04	19.91	10.35	4514308
	sp1	176.28	16.62	9.84	4485176
	sp1	176.29	15.30	10.13	4450716
	sp1	176.80	14.81	10.2	4450840
	sp1	186.93	18.59	10.47	4652776
	sp1	187.55	21.84	10.28	4662248
	sp1	188.39	18.38	10.35	4655448
	sp1	188.82	18.68	10.12	4666204
	sp1	188.98	19.25	10.41	4661052
	sp1	189.08	19.33	10.63	4670112
	sp1	190.37	19.19	10.26	4661992
	sp1	190.41	17.57	10.65	4641500
	sp1	191.27	20.37	10.8	4728620
	sp1	191.33	23.62	10.48	4718832
	sp1	191.35	19.16	10.74	4743240
	sp1	191.61	21.50	10.83	4718428
	sp1	192.02	20.50	10.72	4752308
	sp1	192.12	20.94	10.78	4694088
	sp1	192.25	20.12	10.84	4696132
	sp1	192.64	21.27	10.57	4703048
	sp1	192.71	18.47	10.8	4752796
	sp1	192.91	22.64	10.66	4712020
	sp1	192.95	17.97	10.37	4716804
	sp1	192.97	20.58	10.31	4726168
	sp1	193.03	19.94	10.68	4729692
	sp1	193.09	19.68	10.48	4730924
	sp1	193.11	20.19	10.39	4658220
	sp1	193.13	19.17	10.28	4722616
	sp1	193.29	19.54	10.28	4662396
	sp1	193.30	21.92	10.41	4738328
	sp1	193.36	20.74	10.42	4708080
	sp1	193.41	21.73	10.93	4685976
	sp1	193.52	20.46	10.8	4745720
	sp1	193.54	21.49	10.79	4729348
	sp1	193.62	18.71	10.77	4693896
	sp1	193.63	21.11	10.23	4750672
	sp1	193.73	22.45	10.58	4690396
	sp1	193.87	18.49	10.52	4688644
	sp1	193.91	19.19	10.34	4736460
	sp1	194.23	21.06	10.9	4684996
	sp1	194.27	17.40	10.57	4698644
	sp1	194.27	20.57	10.87	4687304
	sp1	194.32	17.47	10.7	4704684
	sp1	194.44	23.00	10.74	4726036
	sp1	194.48	21.70	10.5	4691840
	sp1	194.55	21.18	10.63	4690256
	sp1	194.62	21.11	10.87	4691524
	sp1	194.77	16.06	10.48	4696520
	sp1	194.82	21.62	10.92	4728140
	sp1	194.83	18.10	10.41	4735916
	sp1	194.87	19.81	11.01	4717472
	sp1	195.11	20.58	10.89	4721884
	sp1	195.13	17.50	10.69	4743760
	sp1	195.32	21.34	11.46	4703324
	sp1	195.45	20.43	10.56	4671696
	sp1	195.51	22.91	10.7	4676280
	sp1	195.64	19.55	10.35	4650132
	sp1	195.82	15.35	10.72	4725580
	sp1	195.87	14.38	10.37	4752532
	sp1	196.10	20.17	10.42	4692564
	sp1	196.17	21.42	11	4708276
	sp1	196.41	19.52	10.74	4687676
	sp1	196.47	17.26	10.79	4696348
	sp1	196.48	20.42	10.8	4709420
	sp1	196.54	23.35	10.62	4701064
	sp1	196.78	19.13	10.56	4697000
	sp1	196.87	20.46	10.97	4679840
	sp1	196.90	20.38	10.9	4695800
	sp1	197.11	18.66	10.72	4715952
	sp1	197.12	17.92	10.91	4714024
	sp1	197.14	21.12	10.57	4676800
	sp1	197.59	21.03	10.55	4680280
	sp1	197.69	18.76	10.65	4707264
	sp1	198.04	18.41	10.35	4712020
	sp1	198.21	20.34	10.96	4707936
	sp1	198.23	17.35	10.46	4709968
	sp1	198.24	17.63	10.61	4678680
	sp1	198.44	17.69	10.69	4677096
	sp1	198.47	19.01	10.77	4666624
	sp1	198.89	20.52	11.1	4698592
	sp1	199.22	21.90	10.47	4717380
	sp1	199.24	17.26	10.53	4691200
	sp1	224.11	17.41	11.54	5196988
	sp1	224.25	19.15	11.83	5371252
	sp1	225.51	20.27	11.19	5210184
	sp1	226.07	22.05	11.72	5205432
	sp1	226.26	25.17	11.47	5228212
	sp1	226.43	23.70	11.47	5178968
	sp1	226.75	20.53	11.37	5211484
	sp1	226.85	22.58	11.52	5239284
	sp1	226.89	19.86	11.39	5216664
	sp1	227.13	18.57	11.57	5177548
	sp1	227.13	22.97	11.44	5210668
	sp1	227.30	22.01	11.77	5222376
	sp1	227.44	18.51	11.91	5291132
	sp1	227.73	19.51	11.34	5237784
	sp1	227.91	26.85	11.75	5387720
	sp1	228.03	19.87	11.46	5200388
	sp1	228.28	18.33	11.67	5208512
	sp1	228.28	19.90	11.63	5291604
	sp1	228.38	21.00	11.43	5224960
	sp1	228.42	19.51	11.39	5274064
	sp1	228.50	23.13	11.53	5222128
	sp1	228.58	20.29	11.5	5263788
	sp1	228.63	17.33	11.76	5214380
	sp1	228.80	23.88	11.97	5444556
	sp1	229.22	16.04	12.01	5327036
	sp1	229.24	16.72	11.33	5177076
	sp1	229.43	18.43	11.53	5197308
	sp1	229.45	19.55	11.62	5321612
	sp1	229.62	25.41	11.86	5302580
	sp1	229.66	17.12	11.97	5182112
	sp1	229.74	23.05	11.77	5363044
	sp1	229.83	18.97	11.5	5227248
	sp1	230.00	21.91	11.48	5206752
	sp1	230.04	22.72	11.7	5197344
	sp1	230.16	20.65	11.54	5192792
	sp1	230.17	17.76	11.83	5212452
	sp1	230.24	19.58	11.61	5275768
	sp1	230.25	18.53	11.4	5179448
	sp1	230.33	23.13	11.58	5396588
	sp1	230.40	19.63	12	5184800
	sp1	230.44	21.93	11.57	5327552
	sp1	230.55	23.62	11.68	5299240
	sp1	230.63	17.86	11.66	5242240
	sp1	230.64	21.81	12.12	5275636
	sp1	230.73	20.34	12.57	5287044
	sp1	230.82	23.03	11.82	5301764
	sp1	230.88	22.46	12.03	5247936
	sp1	230.97	17.68	11.92	5297708
	sp1	230.97	18.55	12.14	5293012
	sp1	231.02	21.67	12.2	5254972
	sp1	231.30	23.31	11.82	5250616
	sp1	231.32	17.66	12.09	5189608
	sp1	231.35	15.59	11.8	5256240
	sp1	231.37	21.75	12.13	5341504
	sp1	231.41	20.95	11.61	5288316
	sp1	231.45	20.75	11.96	5193212
	sp1	231.47	22.33	11.75	5271148
	sp1	231.56	18.44	11.36	5223096
	sp1	231.57	17.47	12.04	5277496
	sp1	231.67	26.20	11.94	5348732
	sp1	231.75	22.82	12.09	5268252
	sp1	231.82	20.28	11.59	5324356
	sp1	231.95	19.78	11.66	5231308
	sp1	232.05	22.94	11.81	5311844
	sp1	232.15	23.59	11.97	5285868
	sp1	232.17	25.93	11.63	5298984
	sp1	232.18	20.87	11.99	5335932
	sp1	232.26	17.87	12.08	5370728
	sp1	232.29	17.00	11.77	5381008
	sp1	232.34	19.38	11.56	5321704
	sp1	232.35	21.88	11.81	5335324
	sp1	232.41	21.37	11.95	5326764
	sp1	232.41	22.08	11.73	5422608
	sp1	232.56	22.76	11.82	5298900
	sp1	232.60	21.95	11.77	5391400
	sp1	232.67	17.71	11.79	5339196
	sp1	232.95	25.67	11.78	5299452
	sp1	232.98	18.58	11.63	5179032
	sp1	233.00	19.21	12.05	5297108
	sp1	233.07	19.84	12.25	5279852
	sp1	233.11	24.67	11.89	5311168
	sp1	233.15	22.33	12.21	5285460
	sp1	233.16	19.80	11.91	5290528
	sp1	233.27	16.72	11.94	5237040
	sp1	233.34	16.01	11.47	5283436
	sp1	233.35	23.75	11.81	5339676
	sp1	233.36	19.33	12.09	5335912
	sp1	233.41	18.65	12.23	5358604
	sp1	233.41	21.04	11.62	5347652
	sp1	233.45	19.58	12.16	5206152
	sp1	233.58	18.86	12.18	5366768
	sp1	233.62	17.12	11.5	5215704
	sp1	233.67	19.06	11.74	5261684
	sp1	233.74	20.16	11.92	5271164
	sp1	233.79	21.96	12.09	5291176
	sp1	233.95	19.75	12.13	5328504
	sp1	233.97	20.78	12.04	5246852
	sp1	234.03	26.20	11.83	5396700
	sp1	234.05	20.64	11.99	5285656
	sp1	234.09	22.25	11.76	5300572
	sp1	234.14	22.97	12.67	5258664
	sp1	234.16	20.75	12.07	5275468
	sp1	234.17	18.81	12.19	5314752
	sp1	234.24	27.85	11.84	5271832
	sp1	234.26	17.26	11.6	5304412
	sp1	234.29	16.85	11.97	5363340
	sp1	234.29	19.89	12.12	5304664
	sp1	234.29	20.94	12.58	5177508
	sp1	234.30	24.17	11.9	5283688
	sp1	234.38	18.94	12.13	5290188
	sp1	234.47	21.43	11.52	5324124
	sp1	234.68	23.02	11.57	5292416
	sp1	234.75	24.49	11.89	5333428
	sp1	234.86	18.57	12.28	5414200
	sp1	234.94	19.17	12.21	5299812
	sp1	234.94	19.44	12.22	5358272
	sp1	234.97	17.36	11.45	5456832
	sp1	235.04	18.45	11.48	5315824
	sp1	235.05	22.08	11.82	5349528
	sp1	235.13	17.19	12.27	5306576
	sp1	235.14	20.15	11.73	5297196
	sp1	235.14	23.46	11.69	5336596
	sp1	235.18	22.63	11.75	5335140
	sp1	235.23	15.89	11.7	5331508
	sp1	235.29	26.08	12.04	5281388
	sp1	235.34	16.96	12.14	5505860
	sp1	235.36	17.76	11.92	5287676
	sp1	235.38	17.20	12.27	5333440
	sp1	235.38	18.22	11.84	5292576
	sp1	235.45	26.98	11.77	5379624
	sp1	235.47	22.84	12.96	5247636
	sp1	235.65	22.45	11.76	5280816
	sp1	235.67	22.74	11.67	5546896
	sp1	235.72	18.92	12.34	5340360
	sp1	235.81	20.89	12.51	5297104
	sp1	235.85	18.31	12.17	5252144
	sp1	235.87	21.60	11.73	5309516
	sp1	235.90	20.63	11.63	5268800
	sp1	235.93	19.38	12.1	5344684
	sp1	235.99	19.75	11.75	5290132
	sp1	236.18	19.65	12.16	5325796
	sp1	236.29	22.17	11.96	5474040
	sp1	236.47	17.29	11.95	5285308
	sp1	236.52	15.86	12	5361564
	sp1	236.80	18.93	11.67	5305992
	sp1	236.98	17.93	11.89	5318388
	sp1	237.04	19.58	11.95	5299872
	sp1	237.14	17.15	11.81	5317172
	sp1	237.20	19.41	11.49	5277128
	sp1	237.24	20.15	11.75	5347904
	sp1	237.43	17.16	12.14	5542100
	sp1	237.62	23.07	11.78	5317612
	sp1	237.90	19.61	11.91	5334432
	sp1	237.96	19.56	11.68	5459680
	sp1	238.34	19.58	11.97	5270964
	sp1	238.35	17.41	12.15	5303292
	sp1	238.42	17.45	12.4	5538380
	sp1	238.60	18.00	11.72	5282604
	sp1	239.07	17.82	11.95	5382536
	sp1	239.22	16.17	12.15	5303120
	sp1	239.33	17.87	11.98	5278144
	sp1	289.35	21.95	13.84	6386324
	sp1	289.88	23.33	13.65	6399444
	sp1	291.58	29.13	13.98	6521316
	sp1	292.21	22.41	14	6691524
	sp1	292.23	22.10	14.01	6471112
	sp1	292.53	25.99	13.68	6562552
	sp1	292.71	20.57	13.34	6443796
	sp1	292.84	23.53	14.3	6583436
	sp1	293.00	23.02	13.53	6622240
	sp1	293.02	24.44	14.24	6534396
	sp1	293.16	25.20	13.68	6522076
	sp1	293.24	29.12	13.89	6492040
	sp1	293.27	21.12	14.15	6563112
	sp1	293.37	28.33	14.09	6618096
	sp1	293.49	22.44	14.13	6513368
	sp1	293.77	28.22	13.98	6625148
	sp1	294.06	26.92	14.55	6597944
	sp1	294.15	26.71	14.19	6652608
	sp1	294.29	27.02	14.38	6720176
	sp1	294.30	31.83	13.86	6572652
	sp1	294.34	25.47	13.92	6511340
	sp1	294.53	23.99	13.98	6511736
	sp1	294.57	23.99	14.23	6537228
	sp1	294.59	27.23	14.37	6573632
	sp1	294.72	27.03	14.37	6485552
	sp1	294.75	28.46	14.4	6517736
	sp1	294.77	24.81	14.39	6594596
	sp1	294.79	25.10	14.15	6501480
	sp1	294.81	23.06	13.9	6462140
	sp1	294.83	29.64	14.61	6505132
	sp1	294.89	29.53	14.04	6619448
	sp1	294.91	27.28	14.21	6544400
	sp1	295.03	26.77	14.11	6466508
	sp1	295.06	29.26	14.27	6500972
	sp1	295.09	23.76	14.37	6555128
	sp1	295.17	26.60	13.67	6526828
	sp1	295.60	24.30	14.32	6641700
	sp1	295.90	24.28	14.19	6673512
	sp1	295.92	25.77	14.29	6476988
	sp1	295.94	26.08	14.24	6354064
	sp1	295.99	25.83	14.43	6582004
	sp1	296.02	19.75	13.9	6575684
	sp1	296.02	26.66	13.88	6619568
	sp1	296.07	22.86	14.15	6511580
	sp1	296.08	21.94	14.28	6376168
	sp1	296.12	23.84	14.12	6464036
	sp1	296.22	22.22	14.34	6588904
	sp1	296.23	28.50	14.2	6444932
	sp1	296.31	24.32	14.08	6682700
	sp1	296.31	25.85	13.73	6670492
	sp1	296.42	23.12	13.7	6529588
	sp1	296.48	22.63	13.93	6607096
	sp1	296.51	26.35	14.09	6656812
	sp1	296.64	22.05	13.7	6708188
	sp1	296.98	26.01	14.06	6688732
	sp1	297.09	26.83	14.01	6530424
	sp1	297.09	26.91	13.95	6516876
	sp1	297.11	22.17	14.43	6364804
	sp1	297.26	17.21	14.26	6506156
	sp1	297.30	21.20	14.15	6503676
	sp1	297.44	25.63	14.37	6503880
	sp1	297.48	24.66	14.26	6586648
	sp1	297.98	24.41	14.23	6546952
	sp1	298.00	27.65	13.75	6584692
	sp1	298.21	25.79	14.04	6630428
	sp1	298.24	25.31	13.9	6535580
	sp1	298.26	20.16	14.11	6565020
	sp1	298.26	28.01	13.73	6487316
	sp1	298.75	26.04	13.94	6637544
	sp1	298.81	26.67	14.87	6462712
	sp1	298.93	18.86	13.94	6450504
	sp1	298.97	27.07	13.97	6536556
	sp1	299.01	25.29	13.84	6562636
	sp1	299.02	28.25	14.16	6740212
	sp1	299.05	22.33	14.47	6575220
	sp1	299.22	23.79	13.9	6668304
	sp1	299.47	27.62	14.28	6481796
	sp1	300.18	27.14	14.08	6634604
	sp1	300.22	25.36	14.29	6484740
	sp1	300.88	23.32	14.28	6517524
	sp1	300.95	23.38	14.26	6551116
	sp1	300.96	27.30	14.54	6228056
	sp1	301.13	21.44	14.27	6549184
	sp1	301.25	25.53	14.42	6526244
	sp1	301.65	24.53	14.47	6416952
	sp1	NaN	NaN	NaN	NaN
